[[43124 30027 11567 62403 48584 49377 34619 53629 30819 32393 49547 40911 29238 29909 44726 1278 52853 24879 15957 21460 19918 8725 60647 10683 11152 62915]
[36766 105 53410 18150 20067 47838 29340 59700 10341 30559 2327 5072 29823 42533 33206 38344 37751 5586 62074 16108 3379 16362 2669 61655 47110 26964]
[27790 18843 57594 47977 9587 3626 8626 33406 53163 7722 59208 29305 9264 44611 2339 52078 5100 52883 12727 33855 33856 31299 23926 51821 58763 53811]
[22559 63308 19580 48768 4016 62891 47645 64767 37576 49799 46113 18452 23241 11671 47608 24773 13546 5640 5212 19474 65107 1394 12817 63123 59125 22259]
[19416 12368 10904 53887 19431 32367 53040 35907 41811 30783 40239 32976 44726 32597 13753 17728 4447 8088 61130 61506 36742 18355 17714 59432 36748 11082]
[11892 32531 64869 40684 57178 53336 33575 24962 41590 12564 1656 60950 10961 30082 16572 25196 31775 24248 52884 39638 37377 14944 43616 15048 56526 29926]
[2739 21631 53495 12169 25931 4520 48387 14600 63590 18142 13445 8460 1208 48650 65072 13849 16995 58275 19878 59802 43643 805 12918 7811 20726 34803]
[65052 14679 58804 35997 10738 49337 19249 51759 22382 5683 50336 21620 55365 52560 43660 52808 20127 20035 21948 34140 42184 52120 63944 6055 51579 11900]
[18722 22255 17890 54513 11982 34768 39269 4653 30834 57794 8690 25444 14282 48318 30324 48339 60651 32627 58675 55094 12208 34268 43345 58267 41327 35374]
[12807 42009 24410 12896 2738 17688 7054 5113 36643 48634 21681 64484 56120 13421 35593 28132 58692 40216 47447 36139 43786 20135 52888 53754 20060 60787]
[27652 5585 51051 34028 39042 35293 31722 58797 60974 34801 46440 64447 43652 21952 64168 12578 21948 52179 40474 12014 29867 54680 13328 0 53727 45131]
[59307 29057 8040 56674 43370 31175 60673 24862 14653 32552 2953 45239 14286 12567 30517 12126 2840 3803 31131 23392 40350 60803 35453 64773 36669 65228]
[31569 34547 55007 49249 44138 34651 41583 25608 18676 40317 49570 54055 15319 23325 33382 13725 1817 2079 62244 41035 35051 65426 48888 35972 25373 619]
[25791 9885 17150 57124 4390 45805 52494 6006 58519 4784 14465 7291 13129 9546 34948 36988 18287 5563 14114 38545 20825 49880 63129 39588 21849 1198]
[13792 49262 39688 64736 6260 12195 52384 35524 45700 64418 11347 62423 4793 19297 34175 51825 60597 18137 5589 40592 16034 12414 16092 61073 56629 32131]
[31852 11528 5611 50738 46533 26294 9316 53003 20771 57955 64742 30956 25403 6167 50965 14688 17855 27834 39780 42805 10082 17189 19359 21386 43488 46610]
[48388 45131 25927 1307 7663 35006 40729 48754 44829 25157 48702 51276 27947 32709 8811 59943 19814 47491 13891 39282 13203 63190 18966 61087 53457 51091]
[40954 31776 1820 47691 52646 14534 9527 5163 46334 40178 23592 1462 61291 24118 49387 14801 42179 41035 4609 56639 60992 31663 13040 4551 33205 33795]
[33406 50113 36295 11255 64575 19608 46444 41916 18231 54575 50993 43907 53049 27699 45615 8168 38796 14680 8570 39608 43065 7070 65317 1829 54868 37554]
[30619 56834 45364 45551 48509 31314 19603 48528 62475 35021 16451 13721 9434 19242 39253 21507 15801 26211 44666 24109 21651 39986 25151 18412 5105 8888]
[13482 13081 29104 30292 47795 7448 63298 28678 57312 42108 64608 49456 14514 24071 14876 13198 16687 30785 4951 45968 10698 7168 18766 14331 37728 28421]
[26889 40450 32360 11058 35217 54187 62920 60927 19430 40702 47017 40575 34499 46643 12609 10922 679 32879 29163 49484 1518 5505 7878 42282 23370 18083]
[23907 62122 21147 12149 31755 31136 38208 33314 43060 696 16031 33204 37058 6994 36427 30673 5427 20182 32971 50788 16830 4824 43799 41835 58876 30007]
[65531 60778 5719 20277 55298 62383 30627 10625 64756 21677 27738 9695 6572 38152 37869 61199 9017 19614 48091 60307 54843 8556 34954 20758 30787 36207]
[32799 57728 12221 46232 49802 30472 29024 35359 57491 4378 20149 15812 37822 45159 21478 47370 53862 49875 35879 33145 15822 1074 37331 50278 59303 22439]
[38477 10540 2268 24049 41190 9456 18914 11602 53644 16580 47409 20338 53326 14104 30202 30907 7339 35582 54466 16034 60306 49450 10069 10025 24987 60696]]
