[[43124 30027 11567 62403 48584 49377 34619 53629 30819 32393 49547 40911 29238 29909 44726 1278 52853 24879]
[15957 21460 19918 8725 60647 10683 11152 62915 36766 105 53410 18150 20067 47838 29340 59700 10341 30559]
[2327 5072 29823 42533 33206 38344 37751 5586 62074 16108 3379 16362 2669 61655 47110 26964 27790 18843]
[57594 47977 9587 3626 8626 33406 53163 7722 59208 29305 9264 44611 2339 52078 5100 52883 12727 33855]
[33856 31299 23926 51821 58763 53811 22559 63308 19580 48768 4016 62891 47645 64767 37576 49799 46113 18452]
[23241 11671 47608 24773 13546 5640 5212 19474 65107 1394 12817 63123 59125 22259 19416 12368 10904 53887]
[19431 32367 53040 35907 41811 30783 40239 32976 44726 32597 13753 17728 4447 8088 61130 61506 36742 18355]
[17714 59432 36748 11082 11892 32531 64869 40684 57178 53336 33575 24962 41590 12564 1656 60950 10961 30082]
[16572 25196 31775 24248 52884 39638 37377 14944 43616 15048 56526 29926 2739 21631 53495 12169 25931 4520]
[48387 14600 63590 18142 13445 8460 1208 48650 65072 13849 16995 58275 19878 59802 43643 805 12918 7811]
[20726 34803 65052 14679 58804 35997 10738 49337 19249 51759 22382 5683 50336 21620 55365 52560 43660 52808]
[20127 20035 21948 34140 42184 52120 63944 6055 51579 11900 18722 22255 17890 54513 11982 34768 39269 4653]
[30834 57794 8690 25444 14282 48318 30324 48339 60651 32627 58675 55094 12208 34268 43345 58267 41327 35374]
[12807 42009 24410 12896 2738 17688 7054 5113 36643 48634 21681 64484 56120 13421 35593 28132 58692 40216]
[47447 36139 43786 20135 52888 53754 20060 60787 27652 5585 51051 34028 39042 35293 31722 58797 60974 34801]
[46440 64447 43652 21952 64168 12578 21948 52179 40474 12014 29867 54680 13328 0 53727 45131 59307 29057]
[8040 56674 43370 31175 60673 24862 14653 32552 2953 45239 14286 12567 30517 12126 2840 3803 31131 23392]
[40350 60803 35453 64773 36669 65228 31569 34547 55007 49249 44138 34651 41583 25608 18676 40317 49570 54055]]
