[[43124 30027 11567 62403 48584 49377 34619 53629 30819 32393]
[49547 40911 29238 29909 44726 1278 52853 24879 15957 21460]
[19918 8725 60647 10683 11152 62915 36766 105 53410 18150]
[20067 47838 29340 59700 10341 30559 2327 5072 29823 42533]
[33206 38344 37751 5586 62074 16108 3379 16362 2669 61655]
[47110 26964 27790 18843 57594 47977 9587 3626 8626 33406]
[53163 7722 59208 29305 9264 44611 2339 52078 5100 52883]
[12727 33855 33856 31299 23926 51821 58763 53811 22559 63308]
[19580 48768 4016 62891 47645 64767 37576 49799 46113 18452]
[23241 11671 47608 24773 13546 5640 5212 19474 65107 1394]]
