[[1 0 0 0 0 0 0 0 0 0 0 0 20271 30027 11567 34619 30819 32393 40911 29238 29909 1278 24879 15957]
[0 1 0 0 0 0 0 0 0 0 0 0 15957 20271 30027 11567 34619 30819 32393 40911 29238 29909 1278 24879]
[0 0 1 0 0 0 0 0 0 0 0 0 24879 15957 20271 30027 11567 34619 30819 32393 40911 29238 29909 1278]
[0 0 0 1 0 0 0 0 0 0 0 0 1278 24879 15957 20271 30027 11567 34619 30819 32393 40911 29238 29909]
[0 0 0 0 1 0 0 0 0 0 0 0 29909 1278 24879 15957 20271 30027 11567 34619 30819 32393 40911 29238]
[0 0 0 0 0 1 0 0 0 0 0 0 29238 29909 1278 24879 15957 20271 30027 11567 34619 30819 32393 40911]
[0 0 0 0 0 0 1 0 0 0 0 0 40911 29238 29909 1278 24879 15957 20271 30027 11567 34619 30819 32393]
[0 0 0 0 0 0 0 1 0 0 0 0 32393 40911 29238 29909 1278 24879 15957 20271 30027 11567 34619 30819]
[0 0 0 0 0 0 0 0 1 0 0 0 30819 32393 40911 29238 29909 1278 24879 15957 20271 30027 11567 34619]
[0 0 0 0 0 0 0 0 0 1 0 0 34619 30819 32393 40911 29238 29909 1278 24879 15957 20271 30027 11567]
[0 0 0 0 0 0 0 0 0 0 1 0 11567 34619 30819 32393 40911 29238 29909 1278 24879 15957 20271 30027]
[0 0 0 0 0 0 0 0 0 0 0 1 30027 11567 34619 30819 32393 40911 29238 29909 1278 24879 15957 20271]
[0 0 0 0 0 0 0 0 0 0 0 0 43124 0 0 0 0 0 0 0 0 0 0 0]
[0 0 0 0 0 0 0 0 0 0 0 0 0 43124 0 0 0 0 0 0 0 0 0 0]
[0 0 0 0 0 0 0 0 0 0 0 0 0 0 43124 0 0 0 0 0 0 0 0 0]
[0 0 0 0 0 0 0 0 0 0 0 0 0 0 0 43124 0 0 0 0 0 0 0 0]
[0 0 0 0 0 0 0 0 0 0 0 0 0 0 0 0 43124 0 0 0 0 0 0 0]
[0 0 0 0 0 0 0 0 0 0 0 0 0 0 0 0 0 43124 0 0 0 0 0 0]
[0 0 0 0 0 0 0 0 0 0 0 0 0 0 0 0 0 0 43124 0 0 0 0 0]
[0 0 0 0 0 0 0 0 0 0 0 0 0 0 0 0 0 0 0 43124 0 0 0 0]
[0 0 0 0 0 0 0 0 0 0 0 0 0 0 0 0 0 0 0 0 43124 0 0 0]
[0 0 0 0 0 0 0 0 0 0 0 0 0 0 0 0 0 0 0 0 0 43124 0 0]
[0 0 0 0 0 0 0 0 0 0 0 0 0 0 0 0 0 0 0 0 0 0 43124 0]
[0 0 0 0 0 0 0 0 0 0 0 0 0 0 0 0 0 0 0 0 0 0 0 43124]]
