[[1 0 0 0 0 0 0 0 0 0 0 0 0 0 0 0 0 0 0 0 0 0 0 0 18625 30027 11567 34619 30819 32393 40911 29238 29909 1278 24879 15957 21460 19918 8725 10683 11152 36766 105 18150 20067 29340 10341 30559]
[0 1 0 0 0 0 0 0 0 0 0 0 0 0 0 0 0 0 0 0 0 0 0 0 30559 18625 30027 11567 34619 30819 32393 40911 29238 29909 1278 24879 15957 21460 19918 8725 10683 11152 36766 105 18150 20067 29340 10341]
[0 0 1 0 0 0 0 0 0 0 0 0 0 0 0 0 0 0 0 0 0 0 0 0 10341 30559 18625 30027 11567 34619 30819 32393 40911 29238 29909 1278 24879 15957 21460 19918 8725 10683 11152 36766 105 18150 20067 29340]
[0 0 0 1 0 0 0 0 0 0 0 0 0 0 0 0 0 0 0 0 0 0 0 0 29340 10341 30559 18625 30027 11567 34619 30819 32393 40911 29238 29909 1278 24879 15957 21460 19918 8725 10683 11152 36766 105 18150 20067]
[0 0 0 0 1 0 0 0 0 0 0 0 0 0 0 0 0 0 0 0 0 0 0 0 20067 29340 10341 30559 18625 30027 11567 34619 30819 32393 40911 29238 29909 1278 24879 15957 21460 19918 8725 10683 11152 36766 105 18150]
[0 0 0 0 0 1 0 0 0 0 0 0 0 0 0 0 0 0 0 0 0 0 0 0 18150 20067 29340 10341 30559 18625 30027 11567 34619 30819 32393 40911 29238 29909 1278 24879 15957 21460 19918 8725 10683 11152 36766 105]
[0 0 0 0 0 0 1 0 0 0 0 0 0 0 0 0 0 0 0 0 0 0 0 0 105 18150 20067 29340 10341 30559 18625 30027 11567 34619 30819 32393 40911 29238 29909 1278 24879 15957 21460 19918 8725 10683 11152 36766]
[0 0 0 0 0 0 0 1 0 0 0 0 0 0 0 0 0 0 0 0 0 0 0 0 36766 105 18150 20067 29340 10341 30559 18625 30027 11567 34619 30819 32393 40911 29238 29909 1278 24879 15957 21460 19918 8725 10683 11152]
[0 0 0 0 0 0 0 0 1 0 0 0 0 0 0 0 0 0 0 0 0 0 0 0 11152 36766 105 18150 20067 29340 10341 30559 18625 30027 11567 34619 30819 32393 40911 29238 29909 1278 24879 15957 21460 19918 8725 10683]
[0 0 0 0 0 0 0 0 0 1 0 0 0 0 0 0 0 0 0 0 0 0 0 0 10683 11152 36766 105 18150 20067 29340 10341 30559 18625 30027 11567 34619 30819 32393 40911 29238 29909 1278 24879 15957 21460 19918 8725]
[0 0 0 0 0 0 0 0 0 0 1 0 0 0 0 0 0 0 0 0 0 0 0 0 8725 10683 11152 36766 105 18150 20067 29340 10341 30559 18625 30027 11567 34619 30819 32393 40911 29238 29909 1278 24879 15957 21460 19918]
[0 0 0 0 0 0 0 0 0 0 0 1 0 0 0 0 0 0 0 0 0 0 0 0 19918 8725 10683 11152 36766 105 18150 20067 29340 10341 30559 18625 30027 11567 34619 30819 32393 40911 29238 29909 1278 24879 15957 21460]
[0 0 0 0 0 0 0 0 0 0 0 0 1 0 0 0 0 0 0 0 0 0 0 0 21460 19918 8725 10683 11152 36766 105 18150 20067 29340 10341 30559 18625 30027 11567 34619 30819 32393 40911 29238 29909 1278 24879 15957]
[0 0 0 0 0 0 0 0 0 0 0 0 0 1 0 0 0 0 0 0 0 0 0 0 15957 21460 19918 8725 10683 11152 36766 105 18150 20067 29340 10341 30559 18625 30027 11567 34619 30819 32393 40911 29238 29909 1278 24879]
[0 0 0 0 0 0 0 0 0 0 0 0 0 0 1 0 0 0 0 0 0 0 0 0 24879 15957 21460 19918 8725 10683 11152 36766 105 18150 20067 29340 10341 30559 18625 30027 11567 34619 30819 32393 40911 29238 29909 1278]
[0 0 0 0 0 0 0 0 0 0 0 0 0 0 0 1 0 0 0 0 0 0 0 0 1278 24879 15957 21460 19918 8725 10683 11152 36766 105 18150 20067 29340 10341 30559 18625 30027 11567 34619 30819 32393 40911 29238 29909]
[0 0 0 0 0 0 0 0 0 0 0 0 0 0 0 0 1 0 0 0 0 0 0 0 29909 1278 24879 15957 21460 19918 8725 10683 11152 36766 105 18150 20067 29340 10341 30559 18625 30027 11567 34619 30819 32393 40911 29238]
[0 0 0 0 0 0 0 0 0 0 0 0 0 0 0 0 0 1 0 0 0 0 0 0 29238 29909 1278 24879 15957 21460 19918 8725 10683 11152 36766 105 18150 20067 29340 10341 30559 18625 30027 11567 34619 30819 32393 40911]
[0 0 0 0 0 0 0 0 0 0 0 0 0 0 0 0 0 0 1 0 0 0 0 0 40911 29238 29909 1278 24879 15957 21460 19918 8725 10683 11152 36766 105 18150 20067 29340 10341 30559 18625 30027 11567 34619 30819 32393]
[0 0 0 0 0 0 0 0 0 0 0 0 0 0 0 0 0 0 0 1 0 0 0 0 32393 40911 29238 29909 1278 24879 15957 21460 19918 8725 10683 11152 36766 105 18150 20067 29340 10341 30559 18625 30027 11567 34619 30819]
[0 0 0 0 0 0 0 0 0 0 0 0 0 0 0 0 0 0 0 0 1 0 0 0 30819 32393 40911 29238 29909 1278 24879 15957 21460 19918 8725 10683 11152 36766 105 18150 20067 29340 10341 30559 18625 30027 11567 34619]
[0 0 0 0 0 0 0 0 0 0 0 0 0 0 0 0 0 0 0 0 0 1 0 0 34619 30819 32393 40911 29238 29909 1278 24879 15957 21460 19918 8725 10683 11152 36766 105 18150 20067 29340 10341 30559 18625 30027 11567]
[0 0 0 0 0 0 0 0 0 0 0 0 0 0 0 0 0 0 0 0 0 0 1 0 11567 34619 30819 32393 40911 29238 29909 1278 24879 15957 21460 19918 8725 10683 11152 36766 105 18150 20067 29340 10341 30559 18625 30027]
[0 0 0 0 0 0 0 0 0 0 0 0 0 0 0 0 0 0 0 0 0 0 0 1 30027 11567 34619 30819 32393 40911 29238 29909 1278 24879 15957 21460 19918 8725 10683 11152 36766 105 18150 20067 29340 10341 30559 18625]
[0 0 0 0 0 0 0 0 0 0 0 0 0 0 0 0 0 0 0 0 0 0 0 0 43124 0 0 0 0 0 0 0 0 0 0 0 0 0 0 0 0 0 0 0 0 0 0 0]
[0 0 0 0 0 0 0 0 0 0 0 0 0 0 0 0 0 0 0 0 0 0 0 0 0 43124 0 0 0 0 0 0 0 0 0 0 0 0 0 0 0 0 0 0 0 0 0 0]
[0 0 0 0 0 0 0 0 0 0 0 0 0 0 0 0 0 0 0 0 0 0 0 0 0 0 43124 0 0 0 0 0 0 0 0 0 0 0 0 0 0 0 0 0 0 0 0 0]
[0 0 0 0 0 0 0 0 0 0 0 0 0 0 0 0 0 0 0 0 0 0 0 0 0 0 0 43124 0 0 0 0 0 0 0 0 0 0 0 0 0 0 0 0 0 0 0 0]
[0 0 0 0 0 0 0 0 0 0 0 0 0 0 0 0 0 0 0 0 0 0 0 0 0 0 0 0 43124 0 0 0 0 0 0 0 0 0 0 0 0 0 0 0 0 0 0 0]
[0 0 0 0 0 0 0 0 0 0 0 0 0 0 0 0 0 0 0 0 0 0 0 0 0 0 0 0 0 43124 0 0 0 0 0 0 0 0 0 0 0 0 0 0 0 0 0 0]
[0 0 0 0 0 0 0 0 0 0 0 0 0 0 0 0 0 0 0 0 0 0 0 0 0 0 0 0 0 0 43124 0 0 0 0 0 0 0 0 0 0 0 0 0 0 0 0 0]
[0 0 0 0 0 0 0 0 0 0 0 0 0 0 0 0 0 0 0 0 0 0 0 0 0 0 0 0 0 0 0 43124 0 0 0 0 0 0 0 0 0 0 0 0 0 0 0 0]
[0 0 0 0 0 0 0 0 0 0 0 0 0 0 0 0 0 0 0 0 0 0 0 0 0 0 0 0 0 0 0 0 43124 0 0 0 0 0 0 0 0 0 0 0 0 0 0 0]
[0 0 0 0 0 0 0 0 0 0 0 0 0 0 0 0 0 0 0 0 0 0 0 0 0 0 0 0 0 0 0 0 0 43124 0 0 0 0 0 0 0 0 0 0 0 0 0 0]
[0 0 0 0 0 0 0 0 0 0 0 0 0 0 0 0 0 0 0 0 0 0 0 0 0 0 0 0 0 0 0 0 0 0 43124 0 0 0 0 0 0 0 0 0 0 0 0 0]
[0 0 0 0 0 0 0 0 0 0 0 0 0 0 0 0 0 0 0 0 0 0 0 0 0 0 0 0 0 0 0 0 0 0 0 43124 0 0 0 0 0 0 0 0 0 0 0 0]
[0 0 0 0 0 0 0 0 0 0 0 0 0 0 0 0 0 0 0 0 0 0 0 0 0 0 0 0 0 0 0 0 0 0 0 0 43124 0 0 0 0 0 0 0 0 0 0 0]
[0 0 0 0 0 0 0 0 0 0 0 0 0 0 0 0 0 0 0 0 0 0 0 0 0 0 0 0 0 0 0 0 0 0 0 0 0 43124 0 0 0 0 0 0 0 0 0 0]
[0 0 0 0 0 0 0 0 0 0 0 0 0 0 0 0 0 0 0 0 0 0 0 0 0 0 0 0 0 0 0 0 0 0 0 0 0 0 43124 0 0 0 0 0 0 0 0 0]
[0 0 0 0 0 0 0 0 0 0 0 0 0 0 0 0 0 0 0 0 0 0 0 0 0 0 0 0 0 0 0 0 0 0 0 0 0 0 0 43124 0 0 0 0 0 0 0 0]
[0 0 0 0 0 0 0 0 0 0 0 0 0 0 0 0 0 0 0 0 0 0 0 0 0 0 0 0 0 0 0 0 0 0 0 0 0 0 0 0 43124 0 0 0 0 0 0 0]
[0 0 0 0 0 0 0 0 0 0 0 0 0 0 0 0 0 0 0 0 0 0 0 0 0 0 0 0 0 0 0 0 0 0 0 0 0 0 0 0 0 43124 0 0 0 0 0 0]
[0 0 0 0 0 0 0 0 0 0 0 0 0 0 0 0 0 0 0 0 0 0 0 0 0 0 0 0 0 0 0 0 0 0 0 0 0 0 0 0 0 0 43124 0 0 0 0 0]
[0 0 0 0 0 0 0 0 0 0 0 0 0 0 0 0 0 0 0 0 0 0 0 0 0 0 0 0 0 0 0 0 0 0 0 0 0 0 0 0 0 0 0 43124 0 0 0 0]
[0 0 0 0 0 0 0 0 0 0 0 0 0 0 0 0 0 0 0 0 0 0 0 0 0 0 0 0 0 0 0 0 0 0 0 0 0 0 0 0 0 0 0 0 43124 0 0 0]
[0 0 0 0 0 0 0 0 0 0 0 0 0 0 0 0 0 0 0 0 0 0 0 0 0 0 0 0 0 0 0 0 0 0 0 0 0 0 0 0 0 0 0 0 0 43124 0 0]
[0 0 0 0 0 0 0 0 0 0 0 0 0 0 0 0 0 0 0 0 0 0 0 0 0 0 0 0 0 0 0 0 0 0 0 0 0 0 0 0 0 0 0 0 0 0 43124 0]
[0 0 0 0 0 0 0 0 0 0 0 0 0 0 0 0 0 0 0 0 0 0 0 0 0 0 0 0 0 0 0 0 0 0 0 0 0 0 0 0 0 0 0 0 0 0 0 43124]]
